62 208 5600
1 198
165 29
81 31
14 41
89 70
135 47
8 127
88 117
158 129
56 153
7 208
18 44
1 168
89 149
126 15
161 196
110 41
182 86
135 2
69 204
76 121
172 197
18 121
2 77
108 48
188 60
125 45
169 97
179 1
190 169
11 104
171 95
29 112
107 157
181 22
154 55
44 190
110 169
185 204
104 191
33 12
122 131
165 179
69 42
81 65
142 89
73 144
194 49
169 23
136 44
158 59
141 137
65 40
40 50
14 170
143 58
82 206
118 42
196 157
41 9
19 18
199 168
64 18
150 176
131 16
191 186
169 26
119 192
102 84
111 13
16 149
67 100
106 202
157 102
167 206
15 115
129 195
137 54
126 57
18 69
55 49
101 111
14 189
48 145
176 154
37 13
167 185
52 5
168 130
83 18
152 88
63 142
104 182
57 153
51 19
177 13
160 10
123 51
137 6
54 187
133 34
95 134
136 39
170 200
30 27
156 42
171 92
60 193
15 71
78 82
43 55
118 203
2 33
187 36
147 62
48 23
102 97
132 83
126 140
161 177
57 53
177 100
8 7
25 181
126 20
145 67
182 19
207 53
186 175
5 65
141 74
18 17
104 187
19 103
75 32
177 195
186 85
68 116
31 62
117 76
77 8
181 77
149 118
86 23
172 1
19 8
184 24
153 85
139 90
163 83
59 165
97 112
131 71
107 6
3 179
187 44
122 113
116 95
33 192
108 17
128 138
86 178
146 118
41 171
92 59
68 153
163 28
195 196
20 63
85 149
33 67
189 42
133 42
125 99
149 178
19 78
43 35
74 54
117 62
144 114
98 113
194 185
82 114
205 49
116 114
41 21
114 72
185 87
60 86
174 133
149 178
72 85
3 50
23 53
184 192
60 45
129 205
143 119
6 122
138 162
1 107
55 23
102 22
130 134
42 93
110 138
140 160
11 95
198 139
150 155
110 31
169 48
139 195
96 64
49 12
122 19
192 191
96 144
118 131
20 60
164 121
77 30
115 74
153 95
58 50
149 161
147 52
13 102
68 160
97 84
105 165
203 135
102 17
186 134
25 162
115 46
113 135
33 194
144 109
60 107
153 171
43 208
196 97
188 136
154 117
198 129
138 69
179 70
43 44
27 159
107 5
17 168
161 113
106 183
176 101
158 46
152 46
194 196
197 49
72 1
93 165
74 127
206 81
147 4
145 162
168 73
131 177
110 27
201 150
179 20
62 1
169 129
40 113
138 145
169 145
179 156
133 143
180 58
146 51
138 81
129 26
131 102
137 140
116 175
82 200
82 188
77 6
127 59
149 42
184 176
57 112
102 37
99 79
102 100
188 16
81 113
187 30
169 118
105 170
85 141
54 44
126 78
136 53
202 168
38 72
48 163
100 180
4 179
98 159
184 133
109 6
156 4
187 61
156 84
60 206
94 18
200 102
180 153
121 155
107 112
14 1
14 6
147 69
192 106
50 177
190 202
144 199
202 103
143 158
187 141
98 196
53 194
148 198
123 15
172 143
89 7
153 201
180 94
73 48
94 63
89 84
30 60
76 88
177 199
4 101
94 186
117 205
46 163
56 20
82 22
206 124
87 89
68 37
128 150
14 181
56 177
142 172
133 160
154 77
24 12
22 117
31 116
38 160
76 121
73 122
46 115
143 101
72 94
191 118
137 190
159 12
100 48
91 41
172 117
201 47
38 16
110 72
82 69
38 61
43 35
74 53
189 176
124 39
74 206
195 121
171 172
135 78
197 118
200 54
193 24
27 174
37 176
150 74
198 168
62 28
49 104
158 184
37 12
166 184
13 3
4 113
115 97
128 85
191 14
69 14
137 119
120 32
119 113
202 160
163 64
11 136
172 31
191 14
98 193
87 33
51 9
28 178
81 167
37 91
79 22
165 23
117 110
113 154
108 43
185 116
15 73
176 101
145 96
60 155
84 148
74 163
141 179
63 91
206 201
22 32
127 149
174 17
203 173
124 96
190 26
14 180
13 130
140 17
33 69
61 188
22 155
26 69
185 159
150 51
139 63
74 96
85 124
161 65
12 66
174 59
20 95
39 129
47 87
195 193
79 202
39 121
70 108
139 208
10 132
49 96
22 35
164 64
25 128
28 98
167 101
61 154
178 136
151 182
152 87
80 183
130 189
116 190
138 206
48 184
128 206
101 61
52 156
79 38
68 10
191 62
9 185
81 173
207 206
3 100
31 137
154 38
145 108
208 31
63 19
21 205
76 195
4 206
84 126
105 77
96 137
29 55
176 84
37 109
36 60
163 43
207 102
20 207
67 77
126 166
69 184
190 25
100 43
163 160
32 168
186 59
59 93
9 82
81 179
199 134
42 197
90 66
44 79
68 190
14 132
191 108
73 13
61 35
50 129
134 23
129 17
137 117
174 205
24 1
53 20
171 149
109 11
88 53
32 74
193 117
204 24
36 100
181 158
24 111
183 20
40 44
137 138
188 190
108 49
145 16
123 64
126 75
167 119
24 30
27 111
30 204
8 41
179 155
68 32
61 141
142 197
195 207
184 8
10 161
5 32
162 62
17 130
109 150
24 132
4 112
178 98
188 129
181 63
11 33
87 177
23 62
200 82
46 208
198 187
147 183
98 69
159 87
6 201
194 76
69 208
83 120
166 175
58 137
60 95
116 64
92 69
116 65
89 188
152 30
155 185
117 204
192 19
77 22
130 47
102 134
33 183
80 77
46 106
186 116
12 29
73 171
10 187
56 14
160 192
191 132
70 66
85 98
20 21
191 54
49 139
155 158
192 152
46 139
31 61
33 89
88 158
8 107
72 61
190 148
185 2
185 179
84 35
160 22
31 103
32 123
195 193
80 4
96 121
64 30
13 140
96 203
44 197
203 176
139 57
27 207
62 123
49 131
170 19
85 159
86 93
124 199
169 141
131 3
67 61
194 50
8 162
126 146
150 155
184 128
169 22
58 7
185 93
83 199
12 186
173 83
163 46
43 54
190 133
194 168
101 69
146 4
141 186
171 93
84 66
117 23
17 28
56 4
26 147
165 113
192 56
199 198
40 72
139 44
114 108
91 63
158 136
26 42
188 200
174 36
90 157
59 67
31 133
146 134
90 149
96 110
180 111
71 147
18 34
68 173
157 92
167 1
201 127
75 95
97 21
64 176
72 68
84 192
83 85
113 200
6 140
39 49
68 151
150 83
61 42
65 36
22 100
132 78
40 88
74 14
134 89
51 61
49 177
72 100
146 64
47 195
58 136
202 51
108 160
58 170
148 54
2 107
170 155
158 73
140 20
52 175
132 63
126 177
24 179
158 177
202 73
151 95
47 157
189 158
60 144
125 82
145 108
168 11
196 135
51 182
28 18
159 169
31 119
161 142
120 140
185 130
94 79
73 60
193 94
180 36
35 41
121 79
206 95
54 203
188 66
183 142
79 110
20 56
171 94
50 8
144 122
164 137
74 188
128 37
205 160
200 41
36 148
79 86
114 133
114 162
115 85
76 74
207 187
204 50
203 9
96 76
169 2
67 65
174 98
109 153
173 91
99 134
108 157
98 108
63 170
3 95
201 140
201 94
115 84
32 25
159 128
10 171
154 120
183 48
136 153
198 39
167 196
92 115
194 192
183 175
19 68
44 178
45 35
59 55
65 97
97 103
180 56
67 118
61 195
28 100
2 62
42 182
57 110
174 22
173 154
75 200
198 107
115 162
137 99
128 126
119 152
193 124
81 79
96 94
53 99
91 149
49 192
5 98
177 91
33 16
7 88
11 208
37 107
56 123
85 143
192 11
102 8
120 149
63 181
200 208
197 117
191 16
14 90
141 91
40 43
67 159
116 102
203 54
70 26
82 129
96 27
186 131
72 157
46 38
84 158
52 28
65 136
1 120
188 208
182 47
180 206
194 100
64 35
7 179
60 184
177 41
29 50
136 151
109 138
46 127
198 34
92 171
164 86
173 92
71 55
78 90
100 92
8 200
128 13
120 166
122 37
179 109
148 51
132 135
111 205
167 42
184 73
107 8
185 41
108 58
27 89
129 45
170 81
141 136
47 94
108 208
56 99
138 159
62 112
117 167
74 95
179 193
190 49
204 162
30 11
137 82
24 196
58 107
87 76
188 166
161 157
138 23
130 198
10 155
139 59
182 8
133 62
42 50
28 19
80 117
9 118
116 201
32 16
157 107
68 39
112 189
42 200
168 32
8 52
105 16
184 133
15 41
9 181
143 159
126 180
80 135
107 145
167 47
14 6
139 41
89 86
105 163
90 41
161 141
100 207
142 202
37 184
38 68
118 142
149 165
29 74
26 21
11 42
199 129
146 163
129 118
79 60
115 72
134 126
190 208
25 107
116 39
50 9
126 118
66 134
46 18
172 176
96 114
133 189
63 169
85 204
40 121
58 93
132 139
67 143
153 66
207 143
23 167
149 40
55 16
37 61
124 106
8 165
34 186
36 140
13 21
99 174
60 82
145 141
204 43
162 208
143 58
4 18
162 16
194 15
15 142
152 189
16 95
177 194
135 30
44 27
58 105
107 183
143 161
27 187
198 195
4 42
130 58
97 114
132 124
44 169
171 184
7 167
33 189
68 39
193 77
140 111
72 88
121 123
15 149
112 191
99 11
156 20
128 173
62 78
15 153
77 167
6 75
167 14
171 18
194 6
61 40
125 35
44 69
179 170
204 87
29 2
114 184
71 104
108 169
40 44
191 56
120 119
116 190
73 40
143 58
1 157
13 117
86 112
13 122
118 44
205 124
160 153
132 142
15 31
179 108
77 159
11 62
175 187
110 201
96 75
119 129
182 21
93 161
188 120
160 148
14 144
79 120
108 131
24 16
116 186
81 52
108 49
69 40
5 20
41 37
80 195
66 100
89 106
203 196
125 153
44 168
155 20
159 37
86 205
201 68
109 122
113 185
187 104
23 171
180 62
172 61
99 174
31 13
81 84
112 19
102 135
21 89
147 57
148 173
178 86
99 13
142 74
141 116
197 96
2 147
75 61
160 98
162 199
50 205
147 40
139 9
4 60
132 198
56 70
126 128
176 77
71 145
112 80
7 171
87 48
86 150
127 184
118 96
18 109
196 12
195 6
126 79
111 206
125 120
159 38
73 160
181 27
207 26
70 143
117 198
64 40
6 164
158 135
208 205
27 177
38 188
18 70
98 16
98 177
67 153
130 152
68 4
36 73
15 183
133 107
143 189
159 94
112 74
149 158
98 62
196 204
132 122
7 166
124 151
52 166
26 32
134 125
137 29
19 191
6 201
202 204
96 30
33 62
39 106
63 135
27 170
122 142
180 92
147 66
181 169
105 132
98 144
91 113
55 34
103 135
152 111
53 104
170 48
106 89
102 180
118 51
49 178
131 168
41 24
7 145
22 142
204 125
80 128
96 124
53 45
94 205
66 173
54 159
56 15
188 137
154 34
28 7
19 53
160 115
34 127
63 42
151 45
81 168
180 157
127 169
147 141
3 98
133 38
7 79
79 30
205 122
197 105
73 78
3 89
63 54
179 120
145 131
44 111
62 122
155 17
72 78
107 46
128 201
157 3
192 208
26 57
86 181
61 7
69 156
171 43
15 4
84 67
193 60
186 147
170 122
176 198
49 27
88 83
136 138
159 83
67 152
70 62
174 175
170 202
119 180
126 100
176 127
89 81
110 118
36 162
171 4
145 162
54 81
47 138
25 114
131 173
158 181
163 83
120 158
118 25
176 184
120 193
67 86
92 9
116 189
57 123
57 147
71 200
87 18
36 11
2 5
12 171
176 106
186 143
52 119
68 58
118 38
178 105
4 145
5 117
22 206
46 208
23 94
70 207
144 21
154 131
1 97
7 149
32 5
21 139
170 197
90 107
14 145
177 73
89 152
63 76
49 42
35 90
63 144
32 91
135 21
155 164
35 120
87 19
87 186
93 38
100 34
117 191
76 112
170 171
107 137
39 188
181 26
3 10
106 88
66 21
101 92
86 207
59 41
103 110
35 132
44 23
101 21
99 146
199 206
43 196
149 90
164 189
34 4
127 190
36 127
141 7
40 86
33 50
203 10
191 149
39 83
144 158
19 197
193 125
110 197
6 90
133 98
172 97
100 109
66 102
81 68
126 104
157 15
34 58
160 27
92 55
6 20
9 164
188 1
184 113
14 162
170 191
85 33
187 121
78 135
162 174
110 119
161 95
11 196
185 192
163 39
148 57
43 91
170 110
139 10
134 83
149 152
191 184
19 50
27 155
21 75
132 136
3 187
17 179
75 205
161 162
36 109
64 21
80 91
199 66
137 23
24 180
107 187
136 152
179 90
170 4
171 184
22 73
92 84
129 118
174 112
4 67
126 87
55 106
187 64
141 18
48 57
155 55
91 104
158 153
186 105
75 41
67 193
205 46
44 160
74 203
122 200
135 72
10 152
104 15
82 61
186 171
205 89
75 187
172 113
17 125
118 157
165 89
128 76
45 29
141 146
67 66
117 79
206 129
64 121
113 85
23 35
174 66
98 81
143 159
78 21
129 164
8 172
52 182
46 45
207 124
135 91
113 122
140 100
40 22
205 189
172 202
181 45
125 96
190 182
116 88
119 38
32 21
187 73
57 13
193 81
84 119
134 38
180 99
3 203
204 148
193 52
60 169
43 81
94 24
122 5
100 138
158 100
116 48
53 124
34 44
147 26
41 77
16 208
159 134
104 154
77 176
50 142
86 197
118 44
22 14
49 68
180 168
81 201
111 139
195 13
36 21
102 35
204 158
8 26
91 60
42 41
94 75
49 38
154 113
62 52
131 66
96 154
182 135
17 16
38 102
149 123
11 21
115 206
172 113
103 90
195 168
204 117
144 202
125 146
201 137
114 29
4 62
173 71
44 127
140 69
91 40
46 203
85 104
168 46
79 138
189 183
74 127
134 181
79 153
48 38
114 161
193 127
190 37
140 59
200 118
54 178
197 139
142 186
138 137
51 110
179 144
121 76
75 104
11 64
20 115
26 61
133 132
201 50
95 205
99 94
27 184
13 85
48 136
204 48
109 77
1 165
205 10
201 53
106 37
88 107
138 191
57 9
42 200
49 183
28 98
185 166
96 172
131 66
61 185
65 23
11 79
24 173
204 180
186 118
67 128
13 67
141 179
164 104
203 30
167 77
40 92
177 132
114 123
26 99
20 143
62 205
21 59
28 208
80 204
62 30
123 61
141 80
141 146
44 95
9 156
195 7
126 35
46 82
184 26
93 49
170 198
11 206
30 188
76 109
181 176
29 44
132 137
53 22
129 156
37 1
37 97
176 130
142 31
107 76
58 114
173 197
4 68
184 117
178 76
154 99
171 26
124 96
123 143
181 174
204 81
193 28
101 105
15 106
159 4
196 5
4 41
137 148
86 111
196 146
51 193
169 104
38 207
21 121
3 97
142 112
33 192
86 133
65 80
95 110
116 169
44 120
76 1
196 131
31 46
56 123
76 173
172 161
47 172
204 1
184 80
91 112
202 180
69 120
161 113
170 3
98 105
9 198
147 83
101 129
24 17
137 205
208 143
6 14
22 36
86 162
176 33
35 54
76 178
170 192
141 117
78 29
76 2
115 112
30 36
138 85
172 28
95 63
47 164
176 104
186 140
70 23
3 63
58 87
129 20
170 160
135 73
120 46
69 48
202 94
66 206
120 41
19 27
208 75
95 168
99 110
6 207
148 105
171 116
115 175
75 28
56 50
128 144
149 104
127 7
141 161
26 169
150 122
134 185
199 176
61 109
5 183
110 133
91 94
108 164
107 168
184 49
59 169
121 205
169 78
110 73
3 83
184 154
94 201
56 177
51 119
147 183
26 130
85 105
156 146
89 36
16 156
195 163
202 121
86 6
114 146
39 68
159 162
46 33
57 196
169 133
81 20
21 23
130 115
171 94
29 19
167 34
148 94
14 105
101 207
21 51
111 162
179 70
152 159
16 50
113 146
192 93
93 160
187 4
199 127
104 159
187 86
121 174
169 105
125 185
53 102
155 82
197 130
67 111
88 93
68 117
56 66
164 153
178 84
36 95
100 174
141 195
164 129
95 153
5 153
176 86
146 196
18 17
191 27
174 117
181 177
161 101
24 184
84 47
31 161
101 114
173 151
151 10
13 17
179 195
122 174
200 68
76 81
79 14
138 33
151 103
159 192
52 203
109 103
160 66
89 72
86 135
37 137
11 50
28 163
24 72
105 44
168 4
167 28
106 133
74 152
95 14
104 179
32 68
129 4
154 164
103 7
14 25
146 173
6 49
45 31
13 99
145 195
143 135
17 74
153 51
179 67
116 41
32 145
191 195
96 60
7 113
63 47
141 171
97 112
95 200
166 18
67 61
130 27
155 187
8 134
37 127
141 181
62 138
32 191
32 169
69 71
201 165
7 30
149 17
121 168
104 65
1 135
82 40
17 200
20 203
191 32
157 145
183 27
205 174
32 85
139 45
178 75
151 106
197 88
33 195
51 63
76 177
91 75
134 50
2 110
207 171
37 140
148 189
72 135
140 121
49 15
94 58
78 186
91 166
20 23
199 44
66 14
145 92
100 168
126 67
87 121
30 25
141 93
14 10
25 183
66 148
163 51
66 41
162 9
173 40
35 68
161 99
172 100
206 160
168 151
156 129
105 35
195 203
58 175
110 38
73 36
202 60
131 158
101 207
117 89
32 11
175 14
152 195
73 28
12 199
99 7
17 129
115 170
178 87
150 51
42 159
18 137
129 111
201 72
157 134
123 202
45 71
94 132
133 148
43 144
145 88
67 50
93 196
163 68
129 141
62 90
158 9
37 123
13 98
21 190
88 52
108 75
48 195
71 70
55 145
16 60
1 164
194 136
123 116
143 120
117 59
89 85
14 170
27 172
203 184
10 162
64 190
38 85
157 16
163 66
129 93
152 149
139 157
196 195
91 196
4 185
208 75
130 193
53 154
69 120
155 39
121 123
90 26
63 51
76 176
28 47
190 89
208 164
103 110
147 111
52 37
125 179
139 30
182 68
2 103
125 123
183 34
9 92
104 4
124 86
82 76
107 124
18 203
34 1
35 142
53 74
122 70
140 59
9 118
178 197
24 160
134 118
116 94
138 171
182 194
196 86
83 158
111 191
160 167
151 23
94 160
29 34
158 80
29 46
192 36
49 31
200 81
33 62
10 26
149 36
188 138
48 178
88 35
186 52
120 59
33 72
12 24
112 80
164 10
194 96
18 153
77 21
176 5
53 23
53 114
115 53
41 186
171 84
113 68
167 146
52 12
41 144
173 166
161 34
203 123
24 132
165 1
163 41
57 69
1 33
3 169
171 76
22 112
48 99
12 187
140 71
142 123
74 180
45 15
15 143
162 160
195 168
123 163
198 77
112 109
181 9
82 169
92 69
95 79
49 94
56 68
2 190
91 65
147 3
41 125
15 143
45 88
195 34
11 181
149 99
31 155
184 162
44 75
6 109
158 150
140 89
63 69
196 60
74 58
32 96
71 203
186 25
130 186
151 113
143 14
97 153
12 137
162 204
34 35
31 86
56 111
168 174
117 7
73 127
117 141
22 99
131 191
116 23
23 123
116 144
135 186
10 60
44 122
207 91
65 71
31 7
90 44
148 8
152 184
193 37
160 141
163 135
9 50
197 179
88 171
1 79
107 205
55 57
134 30
61 24
181 18
162 87
28 129
55 128
34 122
18 88
1 157
109 28
143 170
30 147
84 119
64 30
198 164
129 98
95 201
68 168
148 20
67 3
53 48
192 27
125 94
139 99
153 144
121 200
46 58
53 95
111 54
74 115
85 81
46 131
79 75
202 103
46 63
41 53
1 139
3 193
204 31
130 28
93 66
149 107
157 172
92 64
25 176
33 198
58 134
139 113
147 148
96 173
116 158
115 114
182 190
161 56
40 129
127 25
58 130
182 49
98 59
153 70
160 155
19 41
56 83
98 23
96 176
160 134
64 175
36 147
55 163
126 39
36 82
124 70
202 95
1 31
110 165
151 192
186 195
159 112
90 22
58 54
30 140
190 43
191 68
138 85
150 139
161 196
72 187
147 50
94 193
101 204
25 54
121 103
203 192
124 97
32 177
121 46
100 57
163 28
201 205
114 192
24 85
185 191
161 102
143 118
177 127
78 114
39 67
62 153
161 73
60 56
139 28
206 3
96 207
155 125
130 115
195 137
116 146
195 86
77 41
117 138
144 197
31 86
119 199
8 89
157 85
147 137
146 73
62 173
15 114
144 89
92 45
170 29
175 69
63 23
95 147
184 49
7 84
182 194
118 203
9 80
29 72
36 130
153 44
121 136
133 188
101 125
117 142
15 11
102 6
178 47
33 133
55 186
132 11
41 196
130 48
57 42
163 187
139 138
194 24
190 45
60 189
100 18
19 111
170 75
114 88
173 51
173 96
132 11
126 16
5 181
154 106
5 108
14 65
11 20
9 21
173 47
187 79
51 178
193 154
148 102
89 142
92 178
65 205
23 34
132 145
202 156
171 82
174 80
86 156
197 187
189 204
55 91
148 35
9 124
202 164
78 9
102 112
126 154
148 202
135 56
103 1
178 94
30 162
197 129
117 166
64 92
71 39
16 200
24 60
30 133
199 156
55 13
41 153
89 175
8 116
16 202
25 74
150 179
57 17
3 30
71 5
16 134
200 37
30 23
128 15
93 158
193 155
186 113
21 190
29 14
150 68
175 102
36 208
132 156
141 158
136 62
173 2
171 196
39 117
133 69
127 52
195 101
184 20
11 103
40 172
75 1
27 50
104 112
158 117
111 110
205 88
173 174
104 139
38 79
88 56
70 56
127 151
137 169
106 179
118 119
66 180
60 126
157 116
133 58
6 41
199 157
19 27
37 144
33 178
125 52
99 47
22 181
131 76
48 3
70 100
29 185
68 23
83 26
60 188
207 157
170 28
66 112
151 114
64 100
90 76
33 179
199 153
205 41
181 88
182 105
133 30
99 61
6 191
181 136
101 81
205 192
60 47
196 201
127 79
194 41
76 82
63 38
59 42
11 59
63 7
86 62
153 162
141 62
106 111
151 34
192 148
112 186
61 89
110 74
91 144
6 116
67 196
96 9
8 170
28 158
208 5
191 47
200 150
166 132
146 154
153 141
32 82
90 81
126 194
151 205
189 25
159 138
125 91
73 183
59 201
64 205
114 82
205 89
50 158
88 182
98 43
64 76
72 149
13 104
176 35
179 19
95 62
30 198
52 161
191 109
172 205
35 176
190 83
132 186
151 48
23 143
73 16
134 40
72 123
150 199
129 64
23 82
63 73
123 198
77 189
88 32
18 171
4 98
136 88
127 126
52 29
188 207
167 71
19 204
28 27
10 152
199 130
186 135
146 149
94 190
186 132
124 114
125 8
32 167
32 18
17 104
67 111
127 17
46 43
44 143
55 121
118 121
12 55
157 208
137 138
189 105
36 10
65 156
61 1
12 131
141 55
108 198
36 87
101 152
47 32
149 78
49 4
34 47
134 71
105 175
101 83
66 41
14 178
77 76
17 114
177 26
44 74
13 126
51 57
83 5
127 123
145 9
199 170
135 172
31 55
160 163
82 19
32 187
53 196
59 13
177 116
110 48
156 170
162 57
183 64
70 120
116 67
196 104
68 88
42 191
196 152
82 138
41 29
202 163
204 65
106 150
82 154
173 102
87 170
103 201
170 137
162 176
189 33
201 71
95 7
109 32
11 177
137 203
107 106
9 74
109 103
80 18
95 159
185 201
75 179
155 60
137 119
180 158
104 15
152 184
153 163
144 67
86 109
64 136
111 170
135 124
178 79
158 11
189 14
103 167
197 123
67 208
133 80
185 127
35 191
92 99
25 172
94 62
11 170
97 121
13 7
19 22
128 81
196 67
174 16
169 90
74 22
12 59
63 119
78 50
149 86
89 161
202 8
44 169
66 169
39 140
59 84
139 38
168 38
57 26
87 163
40 50
180 73
157 107
191 29
101 71
159 122
58 170
49 78
41 192
9 26
133 132
173 67
151 200
43 137
94 109
182 63
195 79
3 12
62 18
170 48
93 83
208 74
57 8
192 160
67 116
182 109
106 185
98 41
80 40
29 106
116 139
24 56
198 68
74 29
62 70
179 24
203 90
13 177
103 77
6 27
22 36
3 45
41 155
160 159
188 128
101 122
116 178
87 43
182 55
10 147
127 183
115 189
66 163
5 68
7 75
186 113
58 122
33 164
158 75
75 204
35 99
173 13
121 204
59 100
92 136
116 119
176 16
118 5
118 138
189 96
124 167
3 153
41 54
189 121
124 147
150 21
54 120
197 208
165 121
75 123
96 42
36 1
113 82
83 59
178 34
26 37
96 57
192 184
108 95
14 21
141 56
55 135
27 65
83 60
183 195
109 150
203 149
164 42
46 59
65 187
97 129
190 33
25 178
143 61
70 104
119 63
160 43
139 58
68 109
82 176
130 36
60 2
61 177
72 119
168 163
88 190
64 62
79 113
184 28
187 51
158 144
182 78
156 6
194 48
176 92
36 23
208 1
94 107
6 146
174 44
52 45
93 181
144 125
97 70
166 100
143 150
113 154
26 68
113 114
38 78
179 140
194 9
148 159
116 9
208 157
70 109
40 74
116 53
134 10
189 99
75 37
46 78
118 24
11 158
146 40
129 29
165 102
103 116
194 64
72 9
33 85
52 27
191 153
171 153
82 91
157 45
3 157
69 94
124 82
81 6
128 79
69 38
129 4
9 104
15 207
24 88
29 49
129 82
2 127
145 66
48 29
108 98
179 127
87 40
3 121
76 183
15 194
122 205
43 48
74 59
104 128
6 149
31 89
27 158
77 151
145 148
186 208
113 197
24 182
2 58
23 173
113 64
57 172
162 14
62 55
9 88
151 125
198 89
79 23
75 167
73 76
202 76
184 57
197 23
99 73
204 43
137 11
26 127
34 170
98 6
2 164
125 195
122 12
130 37
61 180
91 203
57 76
205 99
145 151
116 100
170 4
167 104
11 208
3 148
51 47
153 144
133 150
175 59
89 142
56 58
46 53
26 47
150 30
151 205
164 124
143 173
112 185
140 109
67 181
79 208
189 201
143 157
130 98
162 157
158 182
54 15
116 54
60 168
35 59
117 64
82 105
27 179
171 102
11 44
194 112
101 68
91 52
200 23
96 110
100 83
117 98
51 148
35 163
85 125
159 204
48 89
92 204
74 173
61 202
57 33
184 84
133 29
24 205
137 107
110 2
133 143
19 201
56 46
12 111
89 172
156 53
63 44
17 109
83 73
116 63
157 2
79 118
183 106
149 118
75 186
194 92
57 98
154 32
92 124
163 140
199 16
124 192
203 34
36 190
156 120
190 108
177 70
123 30
161 112
120 70
105 151
142 97
10 162
118 203
52 76
59 27
52 106
143 47
136 203
161 31
16 84
208 48
149 116
172 1
136 16
132 31
141 11
139 2
140 178
174 163
155 15
3 80
189 139
91 104
122 197
205 189
163 174
195 64
29 137
56 200
168 78
123 141
25 202
139 97
66 166
124 189
128 4
25 169
203 14
198 48
124 16
102 114
108 31
33 103
38 77
148 7
166 45
179 122
124 136
53 171
60 157
147 40
113 185
60 136
27 201
119 128
44 177
132 142
74 8
111 101
187 55
56 31
129 110
44 132
107 27
131 58
61 167
164 104
142 139
133 42
190 166
17 13
105 86
174 114
159 155
80 194
120 25
44 201
193 168
81 140
73 51
203 75
19 36
136 92
83 7
71 79
43 73
14 192
14 80
97 179
51 53
206 94
72 110
193 83
82 101
144 19
74 98
46 90
167 5
124 164
89 48
206 184
110 171
155 204
166 201
192 157
38 174
122 33
16 207
109 54
130 137
187 101
136 10
163 158
76 39
9 125
9 151
101 73
158 76
31 169
100 12
131 138
192 109
150 31
146 25
199 8
12 55
34 16
61 184
145 138
37 199
167 102
156 187
15 76
117 91
189 198
73 43
7 95
135 85
25 116
129 196
208 202
25 35
182 167
44 33
20 138
44 82
4 133
208 182
117 92
33 66
205 74
35 128
178 17
16 163
73 207
168 91
4 139
75 140
63 75
72 55
41 48
90 63
136 6
81 114
62 184
54 205
164 37
16 133
29 24
106 81
173 187
68 87
186 10
144 69
24 151
24 101
163 142
71 158
129 177
47 19
15 116
23 18
181 92
189 71
14 156
29 61
160 101
197 106
155 147
43 16
134 14
96 129
11 191
143 28
45 74
150 193
194 105
29 73
59 40
96 146
16 29
114 103
46 170
131 71
140 85
202 94
140 147
78 184
50 133
180 87
162 207
178 42
65 147
79 189
2 192
113 200
130 203
188 136
119 166
146 202
198 81
2 87
91 114
134 118
48 104
58 169
109 2
168 137
132 130
162 195
136 20
56 101
159 73
85 76
180 90
103 156
5 172
148 162
180 78
61 51
44 59
153 103
110 6
150 51
185 182
197 100
104 106
208 154
84 122
89 188
180 35
142 73
100 36
18 92
31 122
73 141
14 169
132 116
71 81
118 81
24 208
40 160
165 56
71 10
90 115
30 20
94 92
97 22
15 205
150 24
12 123
30 36
71 88
191 143
67 141
160 6
69 177
145 187
1 93
14 30
17 29
199 72
175 166
202 85
84 105
92 151
160 5
125 177
63 188
12 85
19 188
34 4
159 106
114 24
66 64
36 32
156 206
63 201
159 14
7 196
54 76
196 140
2 157
5 45
133 67
14 13
18 5
157 53
154 164
81 14
195 131
39 38
62 116
67 142
2 188
93 161
150 163
178 69
95 67
199 60
152 59
54 77
117 88
132 173
159 1
184 56
112 138
4 73
73 142
69 31
64 19
151 158
102 115
102 109
198 185
16 102
27 207
137 100
137 169
158 51
129 57
39 189
140 59
164 83
200 180
154 182
67 121
57 196
199 13
31 64
39 40
187 88
61 8
181 91
61 88
177 203
97 129
41 139
119 114
42 178
181 46
27 181
118 168
160 31
198 176
104 132
124 10
197 171
93 58
40 196
3 97
96 78
57 153
33 205
118 45
138 52
134 120
140 133
125 155
108 146
165 24
19 83
76 47
62 174
61 195
178 189
17 6
116 178
132 157
66 95
121 204
125 6
177 128
189 10
30 77
175 110
126 21
161 106
203 23
197 193
24 52
112 176
41 71
141 19
17 77
130 162
49 169
170 208
147 69
184 110
149 113
132 197
65 55
187 206
124 78
52 124
87 10
182 205
180 203
187 180
184 114
82 70
75 116
122 154
141 123
40 189
161 190
61 185
46 87
203 198
34 18
31 181
207 162
128 24
193 207
57 161
179 64
122 190
1 169
208 190
72 178
35 149
124 143
62 128
29 94
115 121
123 151
6 151
34 179
9 206
184 54
149 13
133 30
168 165
112 150
54 65
128 126
21 149
96 169
197 68
106 205
90 116
59 207
148 26
66 144
185 47
208 178
188 179
156 201
15 52
147 155
195 67
3 141
16 175
29 136
130 131
92 100
60 25
200 104
63 202
28 23
104 125
116 8
12 91
164 116
46 58
64 97
205 41
155 90
11 74
34 160
117 120
70 113
116 152
23 163
190 125
191 162
117 48
102 28
10 177
139 147
5 57
34 53
147 33
106 5
102 68
69 71
142 83
27 155
154 16
183 37
1 43
198 184
132 17
84 179
193 122
56 147
175 173
190 172
162 64
25 198
102 60
165 104
60 62
144 101
55 17
98 29
13 133
132 157
180 46
26 89
95 170
131 152
41 10
142 156
99 204
124 145
87 22
27 186
103 6
125 58
175 1
96 89
118 72
164 130
85 115
134 137
58 45
182 170
191 109
26 30
185 109
202 28
73 9
76 187
163 120
99 195
127 149
206 165
208 109
156 174
109 198
15 141
51 121
23 68
122 69
91 31
190 165
151 120
58 203
188 177
16 38
148 188
48 99
164 115
82 206
169 6
171 42
127 186
139 11
108 20
156 43
43 45
59 133
203 118
85 148
77 20
68 95
55 92
90 118
102 15
53 90
107 78
155 107
120 62
50 72
65 193
189 175
114 144
100 170
79 183
20 125
80 197
111 200
88 136
64 7
176 142
33 206
15 52
110 109
96 163
30 146
190 114
113 114
181 176
44 196
134 4
200 183
127 34
84 63
30 98
152 127
148 1
125 87
163 73
12 87
190 152
190 116
35 115
188 189
39 15
68 155
88 41
95 96
155 100
19 14
194 74
93 109
202 113
141 76
97 138
91 57
185 111
49 53
148 49
155 117
27 71
27 174
105 59
145 1
128 76
111 100
73 55
139 147
117 116
34 1
103 53
164 73
195 67
122 121
56 198
110 61
182 10
24 65
44 118
70 184
160 1
140 16
187 100
178 140
16 156
19 57
41 189
26 65
198 120
35 200
35 128
29 57
101 14
58 133
84 96
75 162
74 95
44 145
53 99
207 167
160 54
110 35
150 70
9 12
186 62
114 26
123 190
132 175
11 35
186 61
30 190
130 136
40 77
24 167
46 68
64 93
128 75
22 154
93 195
48 109
144 62
53 135
175 141
189 19
1 37
121 50
182 5
200 101
196 89
12 17
13 78
199 207
189 61
115 99
113 69
126 140
86 103
134 101
73 182
193 48
155 78
207 54
110 133
193 7
178 30
184 112
174 144
70 138
174 206
175 148
177 62
68 98
63 60
107 138
135 69
73 76
45 7
134 58
36 113
133 41
53 29
3 82
120 174
198 196
44 162
105 170
40 8
157 162
192 179
12 56
94 105
103 39
66 43
92 189
113 97
69 1
65 67
45 2
33 58
179 120
43 105
135 6
108 183
54 146
155 21
35 194
146 94
180 169
138 88
70 105
8 85
9 126
162 113
76 47
128 201
154 172
77 119
106 181
1 181
35 108
140 193
42 120
115 71
25 52
144 202
115 185
49 8
168 92
15 176
203 138
18 195
194 65
142 9
33 166
59 62
202 132
83 137
166 31
126 178
9 1
115 110
138 25
51 192
56 170
109 198
18 4
6 185
41 61
95 12
66 166
73 182
170 167
84 58
138 100
192 159
5 127
205 168
75 48
206 179
79 11
41 7
150 98
73 7
171 92
63 158
186 60
205 103
193 9
5 168
205 70
206 121
161 193
175 189
58 7
83 72
202 153
112 80
39 42
140 172
141 200
54 175
136 178
65 104
84 92
95 178
180 9
2 79
20 88
102 41
163 57
148 153
187 195
98 115
104 42
155 131
36 64
54 1
40 191
122 60
149 162
95 70
156 202
134 150
37 184
163 64
161 59
79 196
63 32
56 10
206 190
176 99
200 52
39 204
177 153
26 112
196 79
131 114
194 83
153 45
158 192
90 88
115 90
138 193
152 170
104 92
170 82
19 25
24 16
181 41
177 176
19 123
111 134
190 48
17 124
69 142
181 79
113 137
91 59
6 139
23 172
176 183
165 203
92 121
166 185
91 139
98 6
120 199
181 14
148 167
142 128
134 40
99 164
53 174
206 126
202 105
33 88
84 109
103 183
200 99
155 63
176 40
100 88
189 146
70 149
126 114
119 136
52 91
26 77
146 108
153 136
133 24
74 121
37 198
170 99
24 125
12 16
175 30
112 185
45 184
13 21
43 195
200 102
157 8
195 86
37 175
6 147
134 127
24 186
77 55
31 23
121 192
129 146
66 170
166 92
175 102
67 102
76 122
150 30
201 158
140 76
64 75
160 184
113 65
61 33
102 54
99 184
173 28
166 82
115 63
162 5
51 142
104 136
38 88
111 151
159 128
125 42
129 92
179 112
35 71
42 81
67 121
167 171
166 46
22 84
141 166
138 58
186 159
73 151
151 126
172 43
207 135
29 2
72 205
168 71
89 21
190 75
208 181
37 46
31 126
30 119
194 140
196 106
36 190
158 186
20 47
118 179
128 170
38 32
112 75
167 108
164 151
57 169
186 134
56 192
85 179
20 51
173 78
28 154
152 178
203 176
174 124
74 145
103 85
50 70
201 105
51 175
126 100
126 173
185 186
168 31
1 206
147 176
162 180
47 83
168 23
133 165
156 105
41 144
96 107
199 100
55 133
65 126
77 86
50 166
70 17
134 105
3 178
7 141
124 13
105 186
135 131
140 61
141 196
108 188
123 135
174 130
44 43
94 194
163 147
132 26
17 70
205 35
163 145
143 138
104 73
127 182
180 196
140 49
176 141
75 112
120 185
20 135
51 151
186 122
145 13
111 13
68 20
144 106
157 181
44 6
185 107
109 126
173 165
38 92
180 67
135 158
116 168
142 20
111 50
197 46
41 66
77 126
125 179
133 178
151 192
29 38
62 153
191 48
173 6
111 122
163 200
195 61
144 36
29 7
196 5
67 134
39 60
112 104
59 68
162 121
127 131
106 101
75 208
173 166
185 174
112 169
207 64
95 142
204 6
32 56
53 173
177 51
90 193
25 89
201 149
24 203
205 187
184 122
133 138
77 52
149 45
160 176
84 115
110 91
112 74
201 134
126 2
67 163
11 76
130 105
65 107
152 13
146 91
97 134
118 199
61 68
40 49
43 55
127 3
28 74
88 86
65 203
175 98
9 122
146 155
23 52
174 53
13 201
47 54
176 138
72 112
24 1
104 88
92 14
115 117
113 104
113 96
44 121
37 142
121 16
122 28
106 204
166 123
131 118
136 107
56 14
150 83
39 25
31 25
204 140
2 149
75 193
135 2
167 15
55 143
146 60
133 15
181 45
108 129
41 43
147 191
41 140
130 145
92 174
183 56
205 168
57 73
43 29
30 13
84 14
32 135
70 123
208 49
86 178
196 204
81 89
53 63
97 82
58 15
182 58
33 10
54 202
29 57
206 179
147 61
179 126
185 97
183 188
149 123
103 202
95 100
61 110
139 38
164 202
158 152
180 76
165 95
27 170
193 191
120 184
22 4
142 45
185 32
76 48
33 184
188 29
59 176
81 12
10 73
82 148
125 138
150 127
115 56
105 83
117 174
197 153
68 23
137 202
184 143
201 183
101 201
87 136
92 2
92 37
45 102
145 130
107 46
153 10
33 59
100 174
73 30
205 127
128 206
179 145
107 191
101 2
57 195
79 142
118 62
3 184
94 142
188 3
134 79
208 200
103 48
131 60
129 90
117 181
136 133
184 196
40 181
203 55
78 187
26 207
69 177
71 92
160 112
201 62
115 132
180 151
11 124
165 103
139 140
167 197
46 129
36 35
66 14
93 127
102 43
50 62
1 114
90 52
42 6
173 152
12 187
115 35
30 40
193 131
104 201
94 135
182 105
42 70
91 197
127 20
69 93
180 3
73 132
185 58
113 115
190 90
48 169
107 65
10 132
125 195
140 164
158 21
78 191
68 191
149 172
61 30
171 45
171 189
90 15
165 192
75 139
113 189
119 40
196 135
201 99
162 63
195 81
90 102
88 81
179 122
24 28
187 44
68 137
90 92
82 152
68 97
145 202
50 48
56 132
184 127
109 35
44 161
169 54
174 154
131 89
91 34
105 93
11 70
92 187
183 206
27 145
171 89
40 72
97 142
150 26
154 20
42 183
143 173
182 2
160 111
29 78
143 40
81 183
171 102
111 200
142 101
36 151
86 181
155 167
78 10
56 99
29 85
88 207
201 63
21 173
34 61
162 30
11 60
1 86
206 124
169 132
187 148
83 137
88 165
83 86
9 89
48 16
162 14
28 66
188 131
208 29
87 16
43 177
77 112
150 125
162 44
101 9
2 127
168 105
164 69
81 186
125 86
65 20
156 48
172 50
47 139
84 104
9 199
109 98
173 34
154 132
174 183
188 58
23 52
29 181
62 95
205 54
11 179
88 161
132 39
166 98
192 80
81 3
72 9
181 4
176 174
175 64
84 67
93 59
160 2
75 70
28 67
199 103
203 59
41 35
112 197
118 127
26 99
164 197
164 66
121 4
65 187
32 96
25 155
182 68
137 95
75 158
199 154
192 110
98 104
23 51
113 46
85 10
119 137
68 53
19 183
143 58
197 158
9 148
13 15
181 81
72 174
185 154
113 54
20 17
199 99
204 199
166 104
19 13
104 61
147 186
174 140
113 106
28 122
26 189
74 54
119 27
37 34
107 197
143 48
135 21
86 158
154 121
127 164
126 179
3 22
188 87
115 135
44 50
7 94
139 184
43 115
105 89
3 90
9 61
204 114
128 157
128 189
134 162
180 76
133 43
53 163
7 15
5 121
144 124
53 84
73 48
161 205
145 25
155 67
114 120
152 206
159 126
62 106
5 198
141 145
113 121
206 27
25 127
110 189
45 6
69 24
149 188
91 165
85 69
207 172
154 93
30 179
135 45
86 102
35 126
162 97
196 137
109 166
52 53
54 11
96 26
136 139
58 169
122 108
8 120
73 48
14 161
112 39
62 133
23 132
179 59
186 145
23 13
38 145
180 93
50 64
10 44
101 96
86 179
131 147
148 14
81 145
182 106
7 46
151 8
66 18
200 33
4 186
96 131
102 45
129 149
16 118
162 128
174 53
162 57
117 161
182 113
4 72
164 123
144 194
46 137
35 24
10 100
63 3
154 44
47 116
103 142
168 16
135 102
179 152
126 51
169 95
30 151
1 146
37 207
146 1
147 6
43 71
163 111
11 23
130 149
44 14
44 157
170 193
66 114
165 54
44 88
26 39
26 28
33 99
150 188
28 204
173 157
31 149
61 191
52 48
202 74
78 46
92 171
53 173
136 44
33 31
197 107
159 206
64 162
95 62
167 34
203 123
178 174
44 178
145 66
14 175
17 108
8 198
36 203
22 24
157 43
10 56
73 102
146 159
9 166
33 162
59 170
17 64
148 195
92 42
154 110
201 113
110 87
173 102
196 53
102 172
168 183
111 151
86 150
203 70
3 196
46 131
178 10
178 4
105 59
195 116
188 180
61 133
124 111
37 75
127 184
188 190
19 104
156 197
176 28
201 143
124 11
7 21
90 144
127 7
117 29
119 181
40 112
167 1
128 164
93 94
23 161
194 112
17 175
53 72
196 37
132 54
30 134
76 106
87 66
65 14
179 77
4 78
133 119
102 155
198 87
102 194
43 70
59 65
57 74
75 24
143 45
6 66
106 187
132 99
14 36
118 109
51 182
130 13
149 183
128 4
34 123
26 143
177 45
156 127
193 123
6 93
18 64
92 178
177 88
159 158
82 145
92 140
123 91
196 67
22 59
178 6
55 51
52 24
166 160
158 9
192 55
206 145
8 175
137 51
27 2
130 83
107 147
31 135
60 27
132 51
66 3
163 103
24 1
88 51
35 125
100 126
137 69
140 199
125 167
135 114
1 172
52 173
165 30
177 29
181 81
96 122
101 68
66 208
52 138
91 82
67 158
197 160
50 49
1 89
144 170
119 43
173 130
37 92
110 195
48 199
181 5
70 142
15 103
59 196
132 63
194 97
122 58
107 147
170 204
27 30
41 7
42 2
207 168
159 152
153 167
132 4
9 152
183 37
204 98
98 136
140 102
186 48
146 195
58 176
48 44
103 177
64 34
52 120
43 132
97 27
176 35
96 114
98 94
138 167
172 135
139 101
89 156
147 182
43 49
147 181
102 121
55 2
63 52
106 8
117 67
11 48
207 122
188 50
113 110
38 15
4 36
186 106
130 107
153 124
113 30
41 113
40 192
65 12
60 29
138 18
29 108
140 192
134 129
133 197
198 207
204 156
155 123
136 4
82 59
119 107
83 111
159 163
41 9
149 114
16 149
10 156
8 91
53 81
160 59
119 4
8 202
182 185
126 140
130 68
52 123
142 124
96 130
185 30
126 27
137 192
35 162
12 9
113 110
195 3
138 30
53 138
58 52
143 2
169 88
206 53
36 172
41 79
114 130
202 165
82 149
105 191
61 132
83 154
4 194
202 122
170 66
177 187
46 178
84 108
188 23
31 96
7 177
5 39
106 192
101 131
44 92
43 156
167 142
137 159
37 119
82 202
125 169
130 106
97 67
51 144
13 129
152 19
143 123
43 87
164 176
84 59
84 175
21 146
41 77
99 13
137 24
155 140
103 36
205 56
36 151
45 39
19 58
195 19
204 177
68 165
98 100
159 67
166 90
165 196
111 190
23 46
114 62
71 98
123 154
181 112
9 48
16 198
52 5
136 115
21 87
198 71
34 13
72 118
87 94
166 6
137 157
196 63
79 9
157 51
103 146
19 63
173 57
197 187
188 53
14 72
44 155
147 176
185 69
7 13
88 153
45 150
151 196
104 13
147 17
21 92
156 208
57 6
27 31
29 115
11 113
207 190
166 183
56 5
65 155
126 65
172 199
195 100
53 64
144 33
202 68
189 109
46 112
102 57
163 119
119 206
130 140
180 128
23 132
190 123
147 190
69 86
127 139
127 98
13 35
136 154
104 28
116 80
32 85
140 101
23 205
170 126
76 175
88 62
92 179
123 61
176 5
26 107
129 78
2 162
152 186
79 94
36 67
36 120
128 149
195 104
185 132
116 80
155 197
154 42
82 177
31 93
133 162
105 81
153 129
99 138
9 86
72 9
206 82
4 115
122 172
57 180
202 192
135 202
94 142
199 162
11 161
176 107
168 195
132 162
159 14
34 122
196 1
158 172
136 94
5 25
125 190
45 95
182 79
17 20
61 137
120 121
43 80
54 65
134 144
111 100
58 84
62 47
76 17
81 45
37 93
88 110
53 180
183 152
141 138
21 92
109 69
119 26
44 193
205 192
78 203
7 197
145 158
155 21
162 117
65 52
68 145
18 64
109 110
199 131
106 163
92 9
114 32
62 23
199 65
69 68
159 80
142 97
12 157
124 175
165 166
171 182
175 56
192 123
40 167
133 23
201 167
22 152
4 199
11 180
135 131
124 180
79 128
28 156
13 73
29 30
61 164
189 59
21 115
135 193
102 195
68 51
81 117
171 60
153 68
181 206
63 13
124 181
59 61
69 114
69 93
193 109
152 87
146 114
112 161
2 50
182 131
87 180
124 140
117 40
10 72
104 67
163 67
103 78
189 105
42 1
96 176
150 134
12 71
141 176
101 2
99 171
81 92
189 170
199 122
12 45
114 113
26 189
195 42
95 179
176 179
52 179
73 23
154 57
143 169
35 150
99 105
130 41
151 61
208 85
110 7
154 34
16 63
117 78
85 197
160 16
72 97
39 104
124 195
68 109
59 185
50 36
84 185
107 14
205 24
132 51
73 175
193 133
52 46
55 57
178 141
47 206
3 75
105 203
142 130
73 202
197 86
117 159
111 17
31 164
134 63
171 37
136 54
14 112
115 103
13 125
6 136
159 76
167 172
65 103
153 107
95 205
98 14
176 163
45 58
191 89
171 85
145 130
41 191
190 65
47 142
181 64
57 138
182 123
9 169
127 43
95 163
72 40
192 45
29 128
150 113
173 171
204 50
198 15
49 156
154 40
52 129
47 158
77 192
204 174
102 66
206 110
150 17
15 37
178 46
192 35
34 109
57 139
5 87
53 51
133 203
52 73
96 184
86 89
139 59
7 201
121 176
125 4
60 44
98 184
35 32
72 155
164 202
147 178
32 77
69 201
194 6
56 1
203 149
35 189
66 137
1 177
176 143
174 5
4 196
148 110
196 140
50 171
91 4
28 141
160 115
195 204
143 39
26 19
161 106
194 184
170 201
178 101
21 188
158 5
188 131
87 92
140 157
10 55
29 84
135 65
152 30
39 98
83 18
119 15
42 115
64 192
158 126
66 156
56 89
109 64
30 138
76 28
197 111
132 124
96 183
21 145
62 194
39 108
42 97
80 170
187 115
81 44
126 199
111 106
137 98
199 202
134 139
141 8
193 52
167 159
123 168
133 66
4 113
99 75
17 82
100 106
40 33
108 75
115 4
149 5
171 93
102 79
87 175
42 98
131 53
29 137
58 111
29 98
25 197
168 177
145 109
162 57
10 57
155 42
43 54
45 81
100 54
101 208
11 186
130 143
18 28
208 58
30 138
203 130
144 62
129 112
57 66
120 193
5 129
205 163
45 192
183 4
197 108
198 42
63 86
176 194
69 116
127 109
51 19
18 179
23 65
60 160
98 49
203 181
96 135
80 18
138 173
161 87
191 202
59 149
75 103
96 101
60 176
206 70
199 149
13 186
29 64
102 71
14 37
2 50
64 106
24 88
184 142
16 142
62 88
54 13
23 181
68 56
10 37
7 136
83 119
197 55
135 165
191 41
86 38
206 198
181 48
6 192
143 190
110 25
102 152
80 162
178 7
134 47
152 154
146 148
66 177
146 68
103 199
107 155
19 153
139 97
95 73
96 41
56 110
181 76
101 105
141 185
164 178
181 100
172 176
131 144
54 191
77 207
43 189
127 100
134 50
81 125
77 179
133 134
96 138
126 172
15 3
45 186
43 167
167 93
112 137
11 86
114 169
190 33
163 192
196 4
120 170
44 64
152 155
147 144
139 77
99 162
191 19
87 111
59 153
121 57
84 158
76 21
150 84
151 118
152 118
35 46
157 122
174 152
20 177
136 202
187 86
130 80
14 203
35 39
159 88
19 89
105 167
114 166
14 199
205 108
151 73
16 133
183 172
23 59
4 38
24 194
23 121
202 125
3 39
104 107
38 202
84 95
195 146
55 165
9 202
201 19
117 182
84 67
80 69
121 8
141 171
139 160
51 124
33 126
80 160
10 109
70 139
101 7
101 171
37 46
72 156
34 203
178 70
199 53
74 106
205 18
196 67
147 132
198 62
30 126
49 12
203 40
27 162
89 11
101 166
200 61
148 127
98 57
14 186
36 109
146 83
22 94
116 86
183 139
47 154
170 97
199 11
77 187
46 150
77 19
207 157
124 17
2 190
179 51
132 20
13 80
151 37
106 164
195 185
131 43
80 94
178 129
158 90
81 99
83 119
91 195
20 139
150 141
208 58
177 168
85 169
7 24
69 184
175 135
87 23
195 107
115 201
39 33
78 106
189 99
29 4
11 54
45 27
176 149
142 84
131 84
110 36
109 183
33 100
161 40
40 122
64 110
40 94
174 20
199 179
199 5
72 3
23 80
185 143
171 122
144 120
7 179
68 70
25 157
203 126
60 130
203 187
85 131
111 13
159 26
72 95
50 148
49 77
132 30
62 131
165 192
86 140
75 177
1 176
119 104
21 55
99 181
117 72
60 15
162 87
154 75
35 146
202 48
6 64
